0
1.87635
3.73517
5.57867
7.40899
9.22819
11.0383
12.8411
14.6386
16.4325
18.2246
20.0166
21.81
23.6065
25.4077
27.2151
29.0301
30.8542
32.6888
34.5354
36.3953
38.2698
40.1604
42.0684
43.995
45.9415
47.9094
49.8998
51.9141
53.9535
56.0194
58.1129
60.2355
62.3884
64.5729
66.7903
69.042
71.3292
73.6533
76.0156
78.4176
80.8605
83.3458
85.8749
88.4492
91.0702
93.7393
96.4581
99.228
102.051
104.927
107.86
110.85
113.899
117.009
120.182
123.419
126.721
130.092
133.532
137.043
140.628
144.288
148.026
151.843
155.742
159.723
163.791
167.947
172.192
176.53
180.963
185.493
190.123
194.855
199.691
204.635
209.689
214.855
220.137
225.537
231.058
236.704
242.476
248.379
254.416
260.589
266.903
273.359
279.963
286.717
293.626
300.692
307.92
315.313
322.876
330.613
338.527
346.623
354.906
363.379
372.048
380.917
389.991
399.274
408.772
418.49
428.433
438.606
449.015
459.665
470.563
481.713
493.123
504.798
516.744
528.968
541.477
554.276
567.374
580.777
594.492
608.526
622.888
637.585
652.625
668.015
683.765
699.882
716.376
733.255
750.528
768.205
786.295
804.807
823.753
843.141
862.983
883.288
904.069
925.336
947.1
969.373
992.168
1015.5
1039.37
1063.8
1088.81
1114.4
1140.59
1167.39
1194.82
1222.9
1251.63
1281.03
1311.13
1341.92
1373.44
1405.7
1438.71
1472.5
1507.08
1542.47
1578.69
1615.76
1653.69
1692.52
1732.25
1772.92
1814.54
1857.14
1900.73
1945.35
1991.01
2037.74
